       N       E                     dE             d eps       ncg     rms          ort
DAV:   1     0.239352760659E+04    0.23935E+04   -0.11894E+05  3584   0.390E+03
DAV:   2     0.430434606357E+03   -0.19631E+04   -0.19471E+04  3584   0.109E+03
DAV:   3     0.638323066237E+02   -0.36660E+03   -0.36272E+03  3584   0.267E+02
DAV:   4     0.339973584211E+02   -0.29835E+02   -0.29420E+02  3584   0.753E+01
DAV:   5     0.331737668099E+02   -0.82359E+00   -0.82341E+00  3584   0.147E+01
SDA:   6    -0.579249666216E+02   -0.91099E+02   -0.82341E+00  3584   0.934E+01 0.000E+00
CGA:   7    -0.591934708938E+02   -0.12685E+01   -0.12788E+01  3584   0.239E+01 0.164E-01
CGA:   8    -0.596763457895E+02   -0.48287E+00   -0.48270E+00  3584   0.419E+00 0.236E-01
CGA:   9    -0.598168019196E+02   -0.14046E+00   -0.13941E+00  3584   0.128E+00 0.712E-02
CGA:  10    -0.598588289443E+02   -0.42027E-01   -0.41807E-01  3584   0.575E-01 0.162E-02
CGA:  11    -0.598706731864E+02   -0.11844E-01   -0.11847E-01  3584   0.196E-01 0.302E-03
CGA:  12    -0.598766023583E+02   -0.59292E-02   -0.59237E-02  3584   0.483E-02 0.297E-04
