       N       E                     dE             d eps       ncg     rms          ort
DAV:   1     0.140143627985E+03    0.14014E+03   -0.85219E+03  6048   0.115E+03
DAV:   2     0.336900044566E+02   -0.10645E+03   -0.10188E+03  6048   0.268E+02
DAV:   3     0.285138338155E+02   -0.51762E+01   -0.51394E+01  6048   0.601E+01
DAV:   4     0.284252505642E+02   -0.88583E-01   -0.88526E-01  6048   0.608E+00
DAV:   5     0.284242958002E+02   -0.95476E-03   -0.95063E-03  6048   0.699E-01
SDA:   6    -0.470146308780E+01   -0.33126E+02   -0.95063E-03  6048   0.785E+01 0.000E+00
