       N       E                     dE             d eps       ncg     rms          ort
DAV:   1     0.485591482140E+04    0.48559E+04   -0.15913E+05 31252   0.709E+03
DAV:   2     0.132669061199E+04   -0.35292E+04   -0.34528E+04 31252   0.210E+03
DAV:   3     0.383845931605E+03   -0.94284E+03   -0.91565E+03 31252   0.502E+02
DAV:   4     0.208804594613E+03   -0.17504E+03   -0.16548E+03 31252   0.206E+02
DAV:   5     0.188948787466E+03   -0.19856E+02   -0.18970E+02 31252   0.650E+01
SDA:   6     0.184092132104E+03   -0.48567E+01   -0.18970E+02 31252   0.491E+04 0.000E+00
CGA:   7     0.758699254257E+01   -0.17651E+03   -0.47524E+03 31252   0.398E+03-0.900E+03
