       N       E                     dE             d eps       ncg     rms          ort
DAV:   1     0.490896750830E+04    0.49090E+04   -0.16321E+05 30050   0.739E+03
DAV:   2     0.136459172775E+04   -0.35444E+04   -0.34795E+04 30050   0.224E+03
DAV:   3     0.395347862850E+03   -0.96924E+03   -0.94686E+03 30050   0.526E+02
DAV:   4     0.211093322999E+03   -0.18425E+03   -0.17605E+03 30050   0.215E+02
DAV:   5     0.189131160994E+03   -0.21962E+02   -0.21073E+02 30050   0.696E+01
SDA:   6     0.182282286450E+03   -0.68489E+01   -0.21073E+02 30050   0.484E+04 0.000E+00
CGA:   7     0.513152449927E+01   -0.17715E+03   -0.46920E+03 30050   0.377E+03-0.875E+03
CGA:   8    -0.306463232683E+02   -0.35778E+02   -0.32944E+02 30050   0.246E+02 0.174E+02
CGA:   9    -0.343597845624E+02   -0.37135E+01   -0.36780E+01 30050   0.147E+02-0.178E+00
CGA:  10    -0.371378745100E+02   -0.27781E+01   -0.27746E+01 30050   0.451E+01 0.709E+00
CGA:  11    -0.378495302292E+02   -0.71166E+00   -0.71838E+00 30050   0.160E+01 0.396E-01
