       N       E                     dE             d eps       ncg     rms          ort
DAV:   1     0.479147233199E+04    0.47915E+04   -0.21203E+05 16200   0.155E+03
DAV:   2     0.155974470368E+04   -0.32317E+04   -0.29904E+04 16200   0.317E+02
DAV:   3     0.971472632712E+03   -0.58827E+03   -0.57022E+03 16200   0.152E+02
DAV:   4     0.929288898582E+03   -0.42184E+02   -0.41677E+02 16200   0.416E+01
DAV:   5     0.927577923415E+03   -0.17110E+01   -0.17055E+01 16200   0.881E+00
SDA:   6    -0.185835174976E+03   -0.11134E+04   -0.17055E+01 16200   0.441E+03 0.000E+00
CGA:   7    -0.383916302850E+03   -0.19808E+03    0.35817E+03 16200   0.283E+03 0.198E+03
CGA:   8    -0.437167025573E+03   -0.53251E+02   -0.53580E+02 16200   0.122E+03 0.659E+01
CGA:   9    -0.457924774606E+03   -0.20758E+02   -0.20911E+02 16200   0.819E+02 0.219E+01
CGA:  10    -0.470261949864E+03   -0.12337E+02   -0.12511E+02 16200   0.417E+02 0.134E+01
CGA:  11    -0.477147644599E+03   -0.68857E+01   -0.69304E+01 16200   0.228E+02 0.538E+00
CGA:  12    -0.481064620561E+03   -0.39170E+01   -0.39234E+01 16200   0.125E+02 0.105E+00
