       N       E                     dE             d eps       ncg     rms          ort
DAV:   1     0.143094520162E+04    0.14309E+04   -0.11639E+05 14336   0.878E+02
DAV:   2     0.768008292433E+02   -0.13541E+04   -0.12468E+04 14336   0.166E+02
DAV:   3     0.333200278335E+02   -0.43481E+02   -0.42345E+02 14336   0.271E+01
DAV:   4     0.331576643704E+02   -0.16236E+00   -0.16237E+00 14336   0.189E+00
DAV:   5     0.331571519977E+02   -0.51237E-03   -0.51280E-03 14336   0.113E-01
SDA:   6    -0.579301572709E+02   -0.91087E+02   -0.51280E-03 14336   0.434E+01 0.000E+00
CGA:   7    -0.591843027129E+02   -0.12541E+01   -0.12398E+01 14336   0.188E+01 0.127E+00
