       N       E                     dE             d eps       ncg     rms          ort
DAV:   1     0.139448210624E+03    0.13945E+03   -0.85110E+03  6048   0.115E+03
DAV:   2     0.331110332643E+02   -0.10634E+03   -0.10168E+03  6048   0.267E+02
DAV:   3     0.279045268570E+02   -0.52065E+01   -0.51676E+01  6048   0.602E+01
DAV:   4     0.278151308972E+02   -0.89396E-01   -0.89327E-01  6048   0.609E+00
DAV:   5     0.278141761339E+02   -0.95476E-03   -0.95063E-03  6048   0.698E-01
SDA:   6     0.303934226703E+05    0.30366E+05   -0.95063E-03  6048   0.203E+16 0.000E+00
